972651,218
20,212
13348,204
2384071,183
816653,177
5768872,174
10202,170
79543,167
11489,165
13,163
17194296,160
3840,159
989,158
1000591,157
6141832,152
711303,149
657863,148
2172,147
11435642,147
7040932,146
50393960,146
36823,142
818340,141
586,138
813286,136
783214,130
5763262,130
14600116,130
740983,128
12,128
1081,124
8453452,123
3080761,123
93957809,121
1186,121
633,120
4641021,119
746323,118
37570179,118
3533231,118
3829151,117
115485051,117
839321,116
858051,114
5702,114
652193,113
14368074,113
1143031,113
20536157,112
817288,111
3839,110
3475,108
18498684,107
17503180,107
5668942,102
62581962,101
5746452,101
19058681,100
17595439,98
57203,97
2730791,97
6708952,96
14834340,96
13479,96
1035491,96
418,95
14761795,95
9534522,94
11740902,94
10350,94
428333,92
1192,92
17220934,91
14589771,91
7846,90
1586501,90
930061,89
691353,89
12916,89
818155,88
6385432,88
6017542,88
10078,88
8069572,87
50193,87
1315431,87
11388132,87
11340982,87
3460751,86
12454882,86
13041,85
5017,84
49793,84
33423,84
824157,83
13436432,83
10419,83
820585,81
755452,81
749963,81
3339171,81
12798452,81
10178,81
8596022,80
12522,80
10367,80
756278,79
808627,78
6273552,78
820828,77
14130784,77
14120151,77
14075928,77
10297,77
8918032,76
862681,76
819999,76
5695942,76
992151,75
817386,75
1285451,75
749863,74
2729061,74
17093617,74
125033,74
3032,73
2737751,73
2529971,73
20749410,73
19397785,73
15485441,73
3754891,72
21982720,72
2182641,72
156778644,72
11009852,72
767,71
2787551,71
8769212,70
631583,70
15921173,70
8161232,69
814253,69
4488,69
295,69
2569261,69
24773177,69
202003,69
19417850,69
807095,68
30313925,68
15439395,68
8039442,67
6449282,67
5388852,67
2156951,67
11628,67
107,67
1052961,67
84351228,66
7161172,66
662763,66
17243913,66
14749070,66
14389031,66
1344951,66
10454572,66
871891,65
79797834,65
6267962,65
1717291,65
14680596,65
14134204,65
6140,64
14348594,64
795649,63
774675,63
5469512,63
18327902,63
145753059,63
3611041,62
17461978,62
12193342,62
9366702,61
83883736,61
778057,61
5772422,61
885,60
6730222,60
422,60
2735591,60
15827269,60
13029,60
9714412,59
74673,59
59213,59
37759047,59
14372143,59
13198,59
1305941,59
965651,58
94143715,58
8584,58
14803701,58
9348562,57
874,57
3041201,57
16228398,57
15859039,57
14445542,57
11848,57
841791,56
744463,56
16574209,56
15865878,56
1536811,56
1175221,56
10221,56
774909,55
621713,55
56653,55
3713811,55
30364057,55
1966141,55
17004618,55
15846407,55
6123762,54
16129920,54
12480582,54
12101862,54
10846482,54
833071,53
809760,53
7259302,53
16303106,53
15794195,53
1530371,53
14515799,53
10955762,53
10396,53
792907,52
7212562,52
4278201,52
2148071,52
18363508,52
12044602,52
414,51
3094401,51
257,51
15934340,51
15705567,51
14511951,51
14100972,51
113963,51
9075622,50
6193182,50
5793822,50
20109973,50
18713,50
17173775,50
16727535,50
14321959,50
1268381,50
1159251,50
8841372,49
817977,49
7234682,49
649,49
5911972,49
291,49
19554706,49
1912641,49
14767870,49
14364049,49
1422311,49
14112294,49
1183041,49
10810102,49
1039531,49
9812912,48
9720292,48
817268,48
683113,48
679303,48
26642006,48
20609518,48
1454021,48
12514,48
11041,48
9892692,47
9554942,47
817970,47
6941,47
648,47
617053,47
611953,47
5699,47
509,47
2893971,47
14104847,47
12217,47
9715522,46
9641832,46
813531,46
7982802,46
6331462,46
50835878,46
5025251,46
4503491,46
44423,46
4234581,46
42226885,46
169686021,46
1424001,46
1401881,46
1378,46
1260231,46
11640472,46
10032112,46
9527242,45
9248102,45
8820652,45
8479062,45
8071902,45
743763,45
632023,45
607,45
36412963,45
3034251,45
20742461,45
1979921,45
15131310,45
13919072,45
12716,45
11347122,45
1051171,45
815233,44
8132322,44
7997312,44
7861312,44
774096,44
770729,44
755751,44
754556,44
4030,44
19637934,44
17474531,44
17266725,44
14413529,44
14328066,44
1428461,44
1317661,44
901651,43
879521,43
7782442,43
7712452,43
759186,43
661403,43
5520332,43
5252591,43
41713,43
3520,43
15076390,43
14434070,43
14115587,43
13666,43
13521702,43
1221471,43
1051731,43
926121,42
8962882,42
768632,42
767396,42
735983,42
678033,42
5485192,42
1899161,42
1318301,42
13046,42
1242511,42
814293,41
662433,41
5741722,41
47083,41
30973,41
25047662,41
2425151,41
19757371,41
17889970,41
15947185,41
14274132,41
14217862,41
14115719,41
14052066,41
13461,41
11426,41
814304,40
784304,40
769254,40
666073,40
6304662,40
5391882,40
46063,40
4519121,40
3382,40
16910946,40
14763,40
14326840,40
11957802,40
937961,39
839891,39
761975,39
626973,39
6238012,39
623133,39
5654722,39
2057421,39
19781200,39
18300176,39
14800270,39
14749383,39
14227559,39
11733372,39
10876852,39
1084,39
10450,39
9866582,38
818489,38
7517052,38
74543,38
19853,38
18206161,38
16539573,38
15641893,38
14541402,38
14522546,38
14158830,38
113420831,38
10454672,38
9896832,37
9676722,37
8362412,37
789158,37
5942302,37
5879952,37
53,37
3980,37
3476,37
1976841,37
18393773,37
183749519,37
16721263,37
15941343,37
15134782,37
15087011,37
14500709,37
13669,37
13341,37
1239741,37
1235521,37
11883132,37
1020961,37
997,36
949521,36
82243,36
809866,36
7902052,36
7456262,36
636843,36
635543,36
5814,36
5490392,36
4557111,36
4303181,36
3108351,36
2781,36
20263710,36
2020351,36
1874221,36
17372386,36
15962096,36
15922433,36
15492359,36
15276401,36
15066958,36
147093,36
14590880,36
14422705,36
14230524,36
13352,36
1322691,36
1293,36
10984852,36
10228272,36
10214312,36
9524712,35
893211,35
8308762,35
823434,35
822571,35
6664,35
62783,35
5988062,35
5215,35
5025281,35
48797251,35
26743,35
24303,35
2150981,35
18791763,35
16589206,35
16343608,35
15808765,35
15208271,35
14335498,35
14054786,35
12528,35
11862,35
11684,35
9543092,34
9215532,34
9091712,34
839561,34
817381,34
816214,34
791124,34
681813,34
6253282,34
61233,34
5839822,34
4696,34
2800521,34
246,34
18396070,34
14779327,34
14712874,34
14278978,34
14220046,34
14094741,34
1399231,34
13743532,34
130649891,34
1075,34
93017945,33
813512,33
811027,33
792724,33
792537,33
720843,33
61133,33
610873,33
610793,33
4711,33
4119741,33
2874,33
20466813,33
19406070,33
1563641,33
15224867,33
14652452,33
14529929,33
14304302,33
14258424,33
1338871,33
13294,33
12925072,33
11210802,33
1100661,33
10373972,33
943751,32
9295102,32
8847052,32
844631,32
824211,32
815106,32
806323,32
785032,32
781293,32
69743,32
6892092,32
618593,32
608473,32
5520952,32
5392522,32
5251831,32
471963,32
3855911,32
3530201,32
33792634,32
3096351,32
16190898,32
15901190,32
15164442,32
14677919,32
14262772,32
14260608,32
14222176,32
14109613,32
14063033,32
11900,32
11666142,32
1133701,32
11253262,32
9759932,31
9639352,31
9576402,31
926981,31
8844402,31
854291,31
8481222,31
797835,31
7752402,31
734343,31
7117302,31
6909932,31
67923,31
6421992,31
60642052,31
496723,31
2970511,31
26784273,31
25166595,31
2495,31
2494,31
2226061,31
19744978,31
17853760,31
16644421,31
15666380,31
15662446,31
15414807,31
14874480,31
14855279,31
14128528,31
1380711,31
13418552,31
11998942,31
1196381,31
1095691,31
10638782,31
10449682,31
10203,31
9457522,30
9207632,30
828991,30
8095292,30
7808262,30
7385622,30
732773,30
6545932,30
528,30
47973,30
2677451,30
2621591,30
2426,30
2363571,30
2333071,30
22699508,30
22255654,30
21324258,30
18676177,30
18058741,30
17463660,30
17408993,30
1699751,30
16939148,30
16802731,30
15400067,30
14886375,30
14413075,30
14228300,30
14076943,30
13911852,30
1336231,30
13058232,30
11911082,30
11222,30
11113,30
10427562,30
9981522,29
99723,29
9831152,29
8793052,29
809131,29
783705,29
7825932,29
7433772,29
691593,29
6840532,29
6611482,29
5845242,29
5542402,29
5120691,29
31353077,29
3011091,29
2857721,29
2735631,29
2100521,29
18267597,29
16465359,29
15731368,29
15700573,29
15295503,29
15040500,29
1501471,29
14521617,29
14313986,29
14268957,29
1253451,29
124473570,29
11302402,29
11107172,29
10759032,29
10112862,29
1007041,29
9976962,28
9853212,28
9317092,28
906711,28
898691,28
849591,28
836241,28
82282572,28
811350,28
810129,28
806975,28
771278,28
717313,28
7085,28
7083,28
6171852,28
6160742,28
5968272,28
5959342,28
5778272,28
5661792,28
4829901,28
19919350,28
19329393,28
17074440,28
17060265,28
16114437,28
16017475,28
15661871,28
15469101,28
14787157,28
14692160,28
14681605,28
14378113,28
14293310,28
14267591,28
14251565,28
14166651,28
1308321,28
1283361,28
11632342,28
11348282,28
11148602,28
1090561,28
97933,27
9522672,27
922011,27
9096972,27
90420314,27
833571,27
8293882,27
817000,27
814256,27
799645,27
772386,27
7426632,27
7380362,27
681473,27
6813682,27
676493,27
5708292,27
5676952,27
5658202,27
5378272,27
5336612,27
5242801,27
4816,27
37917164,27
2195241,27
21,27
1998841,27
1835411,27
17877122,27
17663756,27
17297668,27
17071048,27
15,27
14378281,27
12695,27
1201491,27
11891512,27
11114042,27
1048951,27
10041802,27
9549942,26
9274492,26
8315692,26
819040,26
818790,26
8166312,26
813491,26
7905122,26
788673,26
755756,26
7537892,26
75357513,26
7480172,26
685513,26
679173,26
650013,26
6453512,26
619693,26
6104,26
5971522,26
5796972,26
5558552,26
5380672,26
52544275,26
4999,26
40381496,26
3682111,26
3364401,26
2986,26
28049003,26
27890540,26
2618,26
2202921,26
21879024,26
2132641,26
18812301,26
18460854,26
17825445,26
17495946,26
16855888,26
1585,26
15736190,26
15441074,26
14777649,26
146733,26
14590903,26
14479692,26
14414022,26
14079408,26
13837292,26
114870386,26
1142941,26
1137701,26
1113541,26
1059801,26
8884642,25
862481,25
8475532,25
8417802,25
816812,25
807913,25
806689,25
794340,25
771648,25
7336292,25
7015112,25
6722902,25
6480682,25
643443,25
624683,25
6145622,25
5556762,25
54682125,25
5132221,25
5024061,25
48263,25
4374531,25
4039761,25
40013,25
3975041,25
3751441,25
3709051,25
2860101,25
2596061,25
2576431,25
24431892,25
23145316,25
2189541,25
1963651,25
19621110,25
18695316,25
17073235,25
16541868,25
16409683,25
16399949,25
15080807,25
14693823,25
14578519,25
14561327,25
14289835,25
14270494,25
14221588,25
14140420,25
13834402,25
1374411,25
13565472,25
12367712,25
11336782,25
113130846,25
10952962,25
10336,25
1010181,25
9729502,24
9547482,24
9295212,24
9175762,24
9097712,24
8514962,24
82363,24
7765902,24
752743,24
72403,24
7093352,24
6978642,24
6796502,24
673483,24
641963,24
639643,24
615723,24
609543,24
5971922,24
5861822,24
5854882,24
5848412,24
57,24
5637652,24
5569112,24
5559982,24
4828761,24
4200861,24
36082429,24
3283901,24
30059550,24
25663,24
23083404,24
22938914,24
19002481,24
174853,24
16819278,24
16818880,24
16120265,24
16023,24
15976584,24
15744118,24
15738725,24
1532061,24
15125585,24
15081182,24
14433007,24
14413715,24
14345566,24
14224719,24
14192329,24
14144158,24
1270191,24
12245632,24
1173281,24
11447852,24
113425681,24
1059191,24
1054551,24
964641,23
963121,23
955221,23
9429102,23
9403752,23
9275742,23
8708232,23
8329582,23
8285392,23
822647,23
821978,23
816532,23
816154,23
804204,23
803777,23
797770,23
785164,23
7744592,23
760654,23
7462572,23
7453012,23
7350962,23
724473,23
7112242,23
7082702,23
6837002,23
6614602,23
6527972,23
64543,23
5759352,23
5168531,23
4626061,23
448,23
3943871,23
3905651,23
3452911,23
29283,23
292,23
2541771,23
24296208,23
24113,23
23544596,23
20608910,23
2053051,23
1976611,23
19697415,23
19273104,23
18220175,23
18089163,23
17179368,23
16739704,23
15947897,23
15524324,23
15285305,23
15105000,23
14995838,23
14740219,23
14479992,23
14476147,23
14415152,23
1438651,23
14212297,23
14127387,23
13976432,23
13949232,23
13475802,23
13440802,23
13416712,23
13370272,23
12615912,23
12480032,23
12279,23
12093282,23
10107362,23
10039442,23
9952152,22
9950972,22
991221,22
9428232,22
899701,22
8771022,22
8667942,22
858201,22
8525402,22
8491,22
820807,22
8034682,22
779451,22
7746932,22
772681,22
772471,22
770759,22
7694352,22
765845,22
759251,22
7457322,22
6852682,22
6605062,22
6419342,22
5781622,22
57107167,22
5284762,22
5237281,22
4959461,22
4893411,22
4796901,22
4774421,22
457313,22
4558,22
44039298,22
4192041,22
3714411,22
33039483,22
2937071,22
29256864,22
28520903,22
24741685,22
2467791,22
2390651,22
22685200,22
19658936,22
19380829,22
19306636,22
18218654,22
1817901,22
17401708,22
17017636,22
16148602,22
16117363,22
16051471,22
15930061,22
15657528,22
15503880,22
15428715,22
15093898,22
150433,22
1502111,22
14813320,22
14348255,22
14339499,22
14231571,22
14202711,22
14178312,22
14172588,22
14138167,22
14079576,22
14073364,22
14060523,22
14056632,22
14031032,22
13662722,22
13220032,22
12956682,22
12530,22
12497,22
12371632,22
11991832,22
119168161,22
11622712,22
11620792,22
1154,22
11132462,22
10913242,22
1050111,22
1045751,22
10385,22
10286932,22
10051,22
9973392,21
9624742,21
900421,21
8943,21
884301,21
807027,21
80700514,21
804333,21
794329,21
784912,21
768783,21
766666,21
756129,21
7518252,21
7419512,21
732073,21
7040692,21
688483,21
6595682,21
6519522,21
6424622,21
6351922,21
6149912,21
6108862,21
5943622,21
5876652,21
5554222,21
5525212,21
5431642,21
5149,21
50043,21
47,21
4434201,21
4282171,21
3364,21
32629751,21
3004231,21
2884771,21
2540851,21
22461427,21
22027186,21
21131816,21
2029981,21
19658826,21
18565158,21
1821,21
17681513,21
17636894,21
17463,21
17029640,21
17008163,21
1669681,21
16441758,21
15959560,21
15883845,21
15842558,21
15398764,21
15085196,21
15019184,21
14985117,21
1497,21
14701006,21
14557257,21
14454605,21
14437914,21
14173084,21
14148963,21
14137885,21
14083627,21
14061625,21
1401991,21
1359641,21
13098,21
13027572,21
13012632,21
1294741,21
1293241,21
12576412,21
11752272,21
11604,21
11204762,21
11148342,21
10814422,21
10728152,21
1049171,21
10312,21
10191,21
10135802,21
9833962,20
9574902,20
9553222,20
9491292,20
947721,20
918711,20
9017382,20
888,20
877521,20
8739282,20
853821,20
8406952,20
810579,20
799722,20
7893882,20
779141,20
71876190,20
7112862,20
66369206,20
65233,20
649673,20
6451032,20
616173,20
616113,20
6114312,20
5885772,20
5738952,20
5502502,20
5062341,20
4925881,20
48443,20
47539748,20
4700381,20
4119021,20
41073372,20
40971936,20
409,20
3916461,20
3705681,20
31383,20
30923,20
309073,20
2877541,20
23554196,20
2087371,20
2062801,20
20245775,20
19962845,20
19190104,20
18295455,20
17854419,20
17471979,20
17006157,20
1688,20
16664681,20
16597921,20
16366474,20
16203586,20
15996830,20
15903746,20
15859268,20
15497480,20
15458767,20
15433693,20
15427422,20
15415778,20
15388795,20
15279429,20
152143,20
15199539,20
15129265,20
15042927,20
15012486,20
1495,20
14950583,20
14939981,20
1489691,20
14871264,20
14597808,20
14373435,20
14367669,20
14287191,20
14178674,20
14110654,20
14100237,20
14078377,20
14013722,20
1392281,20
13860742,20
13302022,20
1304091,20
12902,20
12727902,20
11969,20
11347832,20
1132291,20
10990,20
10760422,20
1058971,20
10309192,20
9676642,19
9604192,19
9483622,19
9464552,19
9337792,19
9132192,19
898491,19
8936082,19
893431,19
8925602,19
8632782,19
8417312,19
8294212,19
823115,19
819800,19
814090,19
790000,19
78453,19
782010,19
7807162,19
7799412,19
77888423,19
7745472,19
7705112,19
76133,19
7570172,19
752673,19
7420052,19
7408262,19
73843,19
734493,19
7192882,19
6489102,19
6297852,19
611823,19
6078372,19
5446532,19
5052541,19
48213,19
4708351,19
4607,19
41187603,19
3714971,19
3471,19
3452941,19
287713,19
28123862,19
22677790,19
22642788,19
22525751,19
2128391,19
21044126,19
21035409,19
1967531,19
19394188,19
18521391,19
18072408,19
18055633,19
18028509,19
17899109,19
17400407,19
16242081,19
15956067,19
15948437,19
15729017,19
15693493,19
15301800,19
15174477,19
15124802,19
15117375,19
150,19
14871283,19
14859361,19
14706139,19
14674690,19
14664315,19
14591033,19
14582941,19
1455981,19
14315150,19
14277276,19
14253109,19
14246001,19
14182254,19
14181427,19
14124673,19
14120215,19
14097951,19
13805542,19
1359731,19
1356261,19
13448172,19
13413,19
13124,19
12993892,19
12923812,19
12456402,19
1233171,19
11963132,19
11104772,19
11063312,19
11025832,19
1085,19
10755302,19
10609,19
10583402,19
10365,19
10045192,19
9946842,18
9836582,18
9804562,18
9676212,18
93950835,18
894601,18
886651,18
8611062,18
821996,18
821,18
820394,18
817462,18
8106562,18
8017522,18
78789634,18
782134,18
765,18
761628,18
76093,18
756475,18
7526892,18
749453,18
683523,18
6329712,18
62591681,18
62290422,18
610533,18
6067802,18
5803082,18
573,18
5417132,18
5283382,18
5167461,18
51573,18
51063,18
50374439,18
4916651,18
4906851,18
4893501,18
46413,18
4603771,18
43553,18
4045,18
354103,18
3355001,18
32309773,18
3191321,18
3028161,18
30065033,18
29465136,18
27961877,18
27029537,18
2692281,18
2480,18
23480093,18
21268897,18
2120381,18
2065521,18
1970,18
19430233,18
19362341,18
18715444,18
18124625,18
17925141,18
17919972,18
17462723,18
16997044,18
16589148,18
1630261,18
16296057,18
16012783,18
15955754,18
15652066,18
1539471,18
15308469,18
15250836,18
15234886,18
15231287,18
15164565,18
1491981,18
1487011,18
14789629,18
14733,18
14642896,18
14523801,18
14372486,18
14363353,18
14362028,18
14344481,18
14283992,18
14140913,18
14109075,18
14098941,18
1384531,18
13410,18
13407,18
13299972,18
130617778,18
12797,18
1276151,18
12661142,18
12483772,18
1174241,18
11470032,18
11422,18
11360522,18
11204972,18
11103612,18
1106501,18
11039092,18
10998812,18
10861382,18
10737,18
10318,18
9655032,17
9510832,17
9395832,17
9334352,17
898371,17
890101,17
861,17
8435452,17
8383592,17
8360502,17
82533,17
820694,17
816234,17
810560,17
807360,17
792690,17
784078,17
781674,17
7613072,17
75533,17
7490342,17
7434272,17
7410742,17
739853,17
73147282,17
7231332,17
71903,17
7142392,17
7017692,17
6882,17
678953,17
6680762,17
667873,17
6645712,17
6629912,17
6532,17
6476742,17
6359662,17
5965332,17
5871032,17
5840872,17
5531562,17
5471,17
5452712,17
5449422,17
5444512,17
4898501,17
4833,17
46023,17
456,17
3652891,17
33584794,17
3242121,17
29795220,17
2911221,17
28576135,17
27457788,17
2691,17
26093,17
2525131,17
2523231,17
23573,17
2355181,17
21425125,17
21217761,17
1934671,17
18628801,17
18258178,17
18172905,17
1774391,17
17401289,17
17212442,17
17071046,17
16941646,17
16807860,17
166369152,17
16465507,17
16461070,17
16444606,17
16129526,17
16076032,17
15839517,17
15746084,17
15722730,17
15519999,17
1504011,17
15021099,17
14958607,17
14904437,17
14845642,17
14749606,17
14732187,17
14637560,17
14595574,17
14585289,17
14465607,17
14465113,17
14445325,17
14412533,17
14405393,17
14335160,17
14316355,17
14228118,17
14226495,17
14,17
14134419,17
14108050,17
14083477,17
14078113,17
14074339,17
13524182,17
1340521,17
13330522,17
1309511,17
12550682,17
12340562,17
1220181,17
12200822,17
12199652,17
12144232,17
11813752,17
11752,17
11522502,17
11504382,17
11485872,17
11178592,17
10950722,17
10894712,17
10880202,17
10274,17
10239172,17
10201332,17
9689832,16
9532402,16
937421,16
933291,16
9147742,16
898171,16
8877162,16
8825982,16
8784552,16
8707212,16
859621,16
856741,16
852241,16
824087,16
818492,16
816838,16
803975,16
798007,16
791675,16
7885972,16
7837062,16
781895,16
777560,16
766347,16
765548,16
760892,16
757896,16
755959,16
752703,16
745273,16
738933,16
718673,16
7165802,16
7101692,16
702773,16
7001342,16
6904482,16
6877722,16
6845872,16
6753582,16
6686402,16
662773,16
6604762,16
6539592,16
6482332,16
643553,16
641433,16
632343,16
631503,16
620863,16
5931872,16
5872172,16
5722742,16
5656402,16
5651,16
5644142,16
5578222,16
5402612,16
5329582,16
49465463,16
4904651,16
4598,16
45773,16
44886859,16
42983,16
3936,16
36686415,16
33838201,16
3370001,16
3169051,16
31311757,16
30331417,16
2946711,16
2890961,16
2673451,16
2672,16
22330739,16
20406724,16
20333461,16
20221159,16
19789294,16
19752773,16
19280591,16
1797991,16
17957392,16
1786041,16
17814635,16
17801384,16
17641457,16
17219219,16
17087370,16
17003765,16
1689081,16
16688389,16
16581604,16
16186995,16
16164520,16
16026783,16
15964196,16
15870311,16
15699754,16
15600217,16
15576758,16
15377897,16
15290485,16
15228003,16
15227791,16
15171297,16
1511801,16
15066760,16
14902049,16
1476291,16
14621598,16
14603493,16
14589511,16
14589191,16
14575107,16
14562685,16
14514804,16
14506253,16
14501862,16
14491008,16
14486811,16
14463104,16
14458280,16
14410824,16
14375989,16
14365789,16
14324983,16
14298264,16
14269152,16
14255057,16
14248451,16
1424471,16
14211803,16
14176607,16
14136415,16
14098332,16
14097434,16
14089195,16
14080704,16
14076231,16
14068364,16
14063155,16
14059122,16
14014262,16
139162440,16
13737,16
13406,16
13363182,16
1322521,16
13135122,16
13110812,16
12687952,16
12460982,16
1238041,16
12354252,16
1234801,16
1199081,16
1190891,16
11768582,16
11539982,16
11472,16
11278102,16
1127651,16
1118451,16
11178612,16
1117651,16
11069462,16
10792,16
10546442,16
1054521,16
10476462,16
10437802,16
10268302,16
10226672,16
10226,16
10223,16
10100552,16
9976162,15
9972082,15
9930742,15
9926792,15
988,15
9841042,15
9746012,15
9566562,15
9442882,15
9410952,15
9279652,15
9184282,15
8978462,15
8834882,15
8761432,15
8412,15
8408622,15
815096,15
8124952,15
809183,15
801917,15
7963772,15
788721,15
7862912,15
78393,15
757664,15
7376382,15
7278212,15
7260852,15
7120552,15
6904592,15
6803642,15
6446902,15
6324592,15
6296572,15
62763,15
6120472,15
611613,15
5894902,15
5708702,15
5688592,15
5676102,15
5662632,15
56436449,15
5491,15
5479282,15
5439702,15
50304619,15
4899581,15
4617361,15
44570946,15
4417131,15
42712551,15
41404212,15
4131861,15
3936151,15
3551171,15
3496641,15
3460211,15
3442651,15
3427261,15
324,15
31240434,15
31127446,15
2825191,15
2730471,15
26565946,15
25913058,15
25589776,15
24019308,15
2391,15
23708602,15
2254561,15
22536055,15
2206131,15
21447363,15
21332196,15
20747011,15
20713061,15
2035621,15
2023661,15
19789299,15
19534873,15
19269120,15
19125567,15
18863815,15
1878461,15
1872601,15
18713254,15
18655567,15
18622869,15
18486045,15
18453229,15
18170896,15
18044341,15
17909531,15
17885058,15
17883075,15
17808631,15
17751509,15
17726339,15
17518984,15
17333183,15
17232815,15
17219108,15
16978258,15
16933730,15
16899075,15
16388972,15
16312576,15
16246929,15
16222945,15
16160352,15
16095572,15
16045004,15
15913,15
15876737,15
15698507,15
15680097,15
15519538,15
15497928,15
15458694,15
15342544,15
15323979,15
15220720,15
15211133,15
15137329,15
15084970,15
14916696,15
14784586,15
14727207,15
14724142,15
14713133,15
1468401,15
14519349,15
14515734,15
14497517,15
14410951,15
14391242,15
14381520,15
14334532,15
