972651.
20.
13348.
2384071.
816653.
5768872.
10202.
79543.
11489.
13.
17194296.
3840.
989.
1000591.
6141832.
711303.
657863.
2172.
11435642.
7040932.
50393960.
36823.
818340.
586.
813286.
783214.
5763262.
14600116.
740983.
12.
1081.
8453452.
3080761.
93957809.
1186.
633.
4641021.
746323.
37570179.
3533231.
3829151.
115485051.
839321.
858051.
5702.
652193.
14368074.
1143031.
20536157.
817288.
3839.
3475.
18498684.
17503180.
5668942.
62581962.
5746452.
19058681.
17595439.
57203.
2730791.
6708952.
14834340.
13479.
1035491.
418.
14761795.
9534522.
11740902.
10350.
428333.
1192.
17220934.
14589771.
7846.
1586501.
930061.
691353.
12916.
818155.
6385432.
6017542.
10078.
8069572.
50193.
1315431.
11388132.
11340982.
3460751.
12454882.
13041.
5017.
49793.
33423.
824157.
13436432.
10419.
820585.
755452.
749963.
3339171.
12798452.
10178.
8596022.
12522.
10367.
756278.
808627.
6273552.
820828.
14130784.
14120151.
14075928.
10297.
8918032.
862681.
819999.
5695942.
992151.
817386.
1285451.
749863.
2729061.
17093617.
125033.
3032.
2737751.
2529971.
20749410.
19397785.
15485441.
3754891.
21982720.
2182641.
156778644.
11009852.
767.
2787551.
8769212.
631583.
15921173.
8161232.
814253.
4488.
295.
2569261.
24773177.
202003.
19417850.
807095.
30313925.
15439395.
8039442.
6449282.
5388852.
2156951.
11628.
107.
1052961.
84351228.
7161172.
662763.
17243913.
14749070.
14389031.
1344951.
10454572.
871891.
79797834.
6267962.
1717291.
14680596.
14134204.
6140.
14348594.
795649.
774675.
5469512.
18327902.
145753059.
3611041.
17461978.
12193342.
9366702.
83883736.
778057.
5772422.
885.
6730222.
422.
2735591.
15827269.
13029.
9714412.
74673.
59213.
37759047.
14372143.
13198.
1305941.
965651.
94143715.
8584.
14803701.
9348562.
874.
3041201.
16228398.
15859039.
14445542.
11848.
841791.
744463.
16574209.
15865878.
1536811.
1175221.
10221.
774909.
621713.
56653.
3713811.
30364057.
1966141.
17004618.
15846407.
6123762.
16129920.
12480582.
12101862.
10846482.
833071.
809760.
7259302.
16303106.
15794195.
1530371.
14515799.
10955762.
10396.
792907.
7212562.
4278201.
2148071.
18363508.
12044602.
414.
3094401.
257.
15934340.
15705567.
14511951.
14100972.
113963.
9075622.
6193182.
5793822.
20109973.
18713.
17173775.
16727535.
14321959.
1268381.
1159251.
8841372.
817977.
7234682.
649.
5911972.
291.
19554706.
1912641.
14767870.
14364049.
1422311.
14112294.
1183041.
10810102.
1039531.
9812912.
9720292.
817268.
683113.
679303.
26642006.
20609518.
1454021.
12514.
11041.
9892692.
9554942.
817970.
6941.
648.
617053.
611953.
5699.
509.
2893971.
14104847.
12217.
9715522.
9641832.
813531.
7982802.
6331462.
50835878.
5025251.
4503491.
44423.
4234581.
42226885.
169686021.
1424001.
1401881.
1378.
1260231.
11640472.
10032112.
9527242.
9248102.
8820652.
8479062.
8071902.
743763.
632023.
607.
36412963.
3034251.
20742461.
1979921.
15131310.
13919072.
12716.
11347122.
1051171.
815233.
8132322.
7997312.
7861312.
774096.
770729.
755751.
754556.
4030.
19637934.
17474531.
17266725.
14413529.
14328066.
1428461.
1317661.
901651.
879521.
7782442.
7712452.
759186.
661403.
5520332.
5252591.
41713.
3520.
15076390.
14434070.
14115587.
13666.
13521702.
1221471.
1051731.
926121.
8962882.
768632.
767396.
735983.
678033.
5485192.
1899161.
1318301.
13046.
1242511.
814293.
662433.
5741722.
47083.
30973.
25047662.
2425151.
19757371.
17889970.
15947185.
14274132.
14217862.
14115719.
14052066.
13461.
11426.
814304.
784304.
769254.
666073.
6304662.
5391882.
46063.
4519121.
3382.
16910946.
14763.
14326840.
11957802.
937961.
839891.
761975.
626973.
6238012.
623133.
5654722.
2057421.
19781200.
18300176.
14800270.
14749383.
14227559.
11733372.
10876852.
1084.
10450.
9866582.
818489.
7517052.
74543.
19853.
18206161.
16539573.
15641893.
14541402.
14522546.
14158830.
113420831.
10454672.
9896832.
9676722.
8362412.
789158.
5942302.
5879952.
53.
3980.
3476.
1976841.
18393773.
183749519.
16721263.
15941343.
15134782.
15087011.
14500709.
13669.
13341.
1239741.
1235521.
11883132.
1020961.
997.
949521.
82243.
809866.
7902052.
7456262.
636843.
635543.
5814.
5490392.
4557111.
4303181.
3108351.
2781.
20263710.
2020351.
1874221.
17372386.
15962096.
15922433.
15492359.
15276401.
15066958.
147093.
14590880.
14422705.
14230524.
13352.
1322691.
1293.
10984852.
10228272.
10214312.
9524712.
893211.
8308762.
823434.
822571.
6664.
62783.
5988062.
5215.
5025281.
48797251.
26743.
24303.
2150981.
18791763.
16589206.
16343608.
15808765.
15208271.
14335498.
14054786.
12528.
11862.
11684.
9543092.
9215532.
9091712.
839561.
817381.
816214.
791124.
681813.
6253282.
61233.
5839822.
4696.
2800521.
246.
18396070.
14779327.
14712874.
14278978.
14220046.
14094741.
1399231.
13743532.
130649891.
1075.
93017945.
813512.
811027.
792724.
792537.
720843.
61133.
610873.
610793.
4711.
4119741.
2874.
20466813.
19406070.
1563641.
15224867.
14652452.
14529929.
14304302.
14258424.
1338871.
13294.
12925072.
11210802.
1100661.
10373972.
943751.
9295102.
8847052.
844631.
824211.
815106.
806323.
785032.
781293.
69743.
6892092.
618593.
608473.
5520952.
5392522.
5251831.
471963.
3855911.
3530201.
33792634.
3096351.
16190898.
15901190.
15164442.
14677919.
14262772.
14260608.
14222176.
14109613.
14063033.
11900.
11666142.
1133701.
11253262.
9759932.
9639352.
9576402.
926981.
8844402.
854291.
8481222.
797835.
7752402.
734343.
7117302.
6909932.
67923.
6421992.
60642052.
496723.
2970511.
26784273.
25166595.
2495.
2494.
2226061.
19744978.
17853760.
16644421.
15666380.
15662446.
15414807.
14874480.
14855279.
14128528.
1380711.
13418552.
11998942.
1196381.
1095691.
10638782.
10449682.
10203.
9457522.
9207632.
828991.
8095292.
7808262.
7385622.
732773.
6545932.
528.
47973.
2677451.
2621591.
2426.
2363571.
2333071.
22699508.
22255654.
21324258.
18676177.
18058741.
17463660.
17408993.
1699751.
16939148.
16802731.
15400067.
14886375.
14413075.
14228300.
14076943.
13911852.
1336231.
13058232.
11911082.
11222.
11113.
10427562.
9981522.
99723.
9831152.
8793052.
809131.
783705.
7825932.
7433772.
691593.
6840532.
6611482.
5845242.
5542402.
5120691.
31353077.
3011091.
2857721.
2735631.
2100521.
18267597.
16465359.
15731368.
15700573.
15295503.
15040500.
1501471.
14521617.
14313986.
14268957.
1253451.
124473570.
11302402.
11107172.
10759032.
10112862.
1007041.
9976962.
9853212.
9317092.
906711.
898691.
849591.
836241.
82282572.
811350.
810129.
806975.
771278.
717313.
7085.
7083.
6171852.
6160742.
5968272.
5959342.
5778272.
5661792.
4829901.
19919350.
19329393.
17074440.
17060265.
16114437.
16017475.
15661871.
15469101.
14787157.
14692160.
14681605.
14378113.
14293310.
14267591.
14251565.
14166651.
1308321.
1283361.
11632342.
11348282.
11148602.
1090561.
97933.
9522672.
922011.
9096972.
90420314.
833571.
8293882.
817000.
814256.
799645.
772386.
7426632.
7380362.
681473.
6813682.
676493.
5708292.
5676952.
5658202.
5378272.
5336612.
5242801.
4816.
37917164.
2195241.
21.
1998841.
1835411.
17877122.
17663756.
17297668.
17071048.
15.
14378281.
12695.
1201491.
11891512.
11114042.
1048951.
10041802.
9549942.
9274492.
8315692.
819040.
818790.
8166312.
813491.
7905122.
788673.
755756.
7537892.
75357513.
7480172.
685513.
679173.
650013.
6453512.
619693.
6104.
5971522.
5796972.
5558552.
5380672.
52544275.
4999.
40381496.
3682111.
3364401.
2986.
28049003.
27890540.
2618.
2202921.
21879024.
2132641.
18812301.
18460854.
17825445.
17495946.
16855888.
1585.
15736190.
15441074.
14777649.
146733.
14590903.
14479692.
14414022.
14079408.
13837292.
114870386.
1142941.
1137701.
1113541.
1059801.
8884642.
862481.
8475532.
8417802.
816812.
807913.
806689.
794340.
771648.
7336292.
7015112.
6722902.
6480682.
643443.
624683.
6145622.
5556762.
54682125.
5132221.
5024061.
48263.
4374531.
4039761.
40013.
3975041.
3751441.
3709051.
2860101.
2596061.
2576431.
24431892.
23145316.
2189541.
1963651.
19621110.
18695316.
17073235.
16541868.
16409683.
16399949.
15080807.
14693823.
14578519.
14561327.
14289835.
14270494.
14221588.
14140420.
13834402.
1374411.
13565472.
12367712.
11336782.
113130846.
10952962.
10336.
1010181.
9729502.
9547482.
9295212.
9175762.
9097712.
8514962.
82363.
7765902.
752743.
72403.
7093352.
6978642.
6796502.
673483.
641963.
639643.
615723.
609543.
5971922.
5861822.
5854882.
5848412.
57.
5637652.
5569112.
5559982.
4828761.
4200861.
36082429.
3283901.
30059550.
25663.
23083404.
22938914.
19002481.
174853.
16819278.
16818880.
16120265.
16023.
15976584.
15744118.
15738725.
1532061.
15125585.
15081182.
14433007.
14413715.
14345566.
14224719.
14192329.
14144158.
1270191.
12245632.
1173281.
11447852.
113425681.
1059191.
1054551.
964641.
963121.
955221.
9429102.
9403752.
9275742.
8708232.
8329582.
8285392.
822647.
821978.
816532.
816154.
804204.
803777.
797770.
785164.
7744592.
760654.
7462572.
7453012.
7350962.
724473.
7112242.
7082702.
6837002.
6614602.
6527972.
64543.
5759352.
5168531.
4626061.
448.
3943871.
3905651.
3452911.
29283.
292.
2541771.
24296208.
24113.
23544596.
20608910.
2053051.
1976611.
19697415.
19273104.
18220175.
18089163.
17179368.
16739704.
15947897.
15524324.
15285305.
15105000.
14995838.
14740219.
14479992.
14476147.
14415152.
1438651.
14212297.
14127387.
13976432.
13949232.
13475802.
13440802.
13416712.
13370272.
12615912.
12480032.
12279.
12093282.
10107362.
10039442.
9952152.
9950972.
991221.
9428232.
899701.
8771022.
8667942.
858201.
8525402.
8491.
820807.
8034682.
779451.
7746932.
772681.
772471.
770759.
7694352.
765845.
759251.
7457322.
6852682.
6605062.
6419342.
5781622.
57107167.
5284762.
5237281.
4959461.
4893411.
4796901.
4774421.
457313.
4558.
44039298.
4192041.
3714411.
33039483.
2937071.
29256864.
28520903.
24741685.
2467791.
2390651.
22685200.
19658936.
19380829.
19306636.
18218654.
1817901.
17401708.
17017636.
16148602.
16117363.
16051471.
15930061.
15657528.
15503880.
15428715.
15093898.
150433.
1502111.
14813320.
14348255.
14339499.
14231571.
14202711.
14178312.
14172588.
14138167.
14079576.
14073364.
14060523.
14056632.
14031032.
13662722.
13220032.
12956682.
12530.
12497.
12371632.
11991832.
119168161.
11622712.
11620792.
1154.
11132462.
10913242.
1050111.
1045751.
10385.
10286932.
10051.
9973392.
9624742.
900421.
8943.
884301.
807027.
80700514.
804333.
794329.
784912.
768783.
766666.
756129.
7518252.
7419512.
732073.
7040692.
688483.
6595682.
6519522.
6424622.
6351922.
6149912.
6108862.
5943622.
5876652.
5554222.
5525212.
5431642.
5149.
50043.
47.
4434201.
4282171.
3364.
32629751.
3004231.
2884771.
2540851.
22461427.
22027186.
21131816.
2029981.
19658826.
18565158.
1821.
17681513.
17636894.
17463.
17029640.
17008163.
1669681.
16441758.
15959560.
15883845.
15842558.
15398764.
15085196.
15019184.
14985117.
1497.
14701006.
14557257.
14454605.
14437914.
14173084.
14148963.
14137885.
14083627.
14061625.
1401991.
1359641.
13098.
13027572.
13012632.
1294741.
1293241.
12576412.
11752272.
11604.
11204762.
11148342.
10814422.
10728152.
1049171.
10312.
10191.
10135802.
9833962.
9574902.
9553222.
9491292.
947721.
918711.
9017382.
888.
877521.
8739282.
853821.
8406952.
810579.
799722.
7893882.
779141.
71876190.
7112862.
66369206.
65233.
649673.
6451032.
616173.
616113.
6114312.
5885772.
5738952.
5502502.
5062341.
4925881.
48443.
47539748.
4700381.
4119021.
41073372.
40971936.
409.
3916461.
3705681.
31383.
30923.
309073.
2877541.
23554196.
2087371.
2062801.
20245775.
19962845.
19190104.
18295455.
17854419.
17471979.
17006157.
1688.
16664681.
16597921.
16366474.
16203586.
15996830.
15903746.
15859268.
15497480.
15458767.
15433693.
15427422.
15415778.
15388795.
15279429.
152143.
15199539.
15129265.
15042927.
15012486.
1495.
14950583.
14939981.
1489691.
14871264.
14597808.
14373435.
14367669.
14287191.
14178674.
14110654.
14100237.
14078377.
14013722.
1392281.
13860742.
13302022.
1304091.
12902.
12727902.
11969.
11347832.
1132291.
10990.
10760422.
1058971.
10309192.
9676642.
9604192.
9483622.
9464552.
9337792.
9132192.
898491.
8936082.
893431.
8925602.
8632782.
8417312.
8294212.
823115.
819800.
814090.
790000.
78453.
782010.
7807162.
7799412.
77888423.
7745472.
7705112.
76133.
7570172.
752673.
7420052.
7408262.
73843.
734493.
7192882.
6489102.
6297852.
611823.
6078372.
5446532.
5052541.
48213.
4708351.
4607.
41187603.
3714971.
3471.
3452941.
287713.
28123862.
22677790.
22642788.
22525751.
2128391.
21044126.
21035409.
1967531.
19394188.
18521391.
18072408.
18055633.
18028509.
17899109.
17400407.
16242081.
15956067.
15948437.
15729017.
15693493.
15301800.
15174477.
15124802.
15117375.
150.
14871283.
14859361.
14706139.
14674690.
14664315.
14591033.
14582941.
1455981.
14315150.
14277276.
14253109.
14246001.
14182254.
14181427.
14124673.
14120215.
14097951.
13805542.
1359731.
1356261.
13448172.
13413.
13124.
12993892.
12923812.
12456402.
1233171.
11963132.
11104772.
11063312.
11025832.
1085.
10755302.
10609.
10583402.
10365.
10045192.
9946842.
9836582.
9804562.
9676212.
93950835.
894601.
886651.
8611062.
821996.
821.
820394.
817462.
8106562.
8017522.
78789634.
782134.
765.
761628.
76093.
756475.
7526892.
749453.
683523.
6329712.
62591681.
62290422.
610533.
6067802.
5803082.
573.
5417132.
5283382.
5167461.
51573.
51063.
50374439.
4916651.
4906851.
4893501.
46413.
4603771.
43553.
4045.
354103.
3355001.
32309773.
3191321.
3028161.
30065033.
29465136.
27961877.
27029537.
2692281.
2480.
23480093.
21268897.
2120381.
2065521.
1970.
19430233.
19362341.
18715444.
18124625.
17925141.
17919972.
17462723.
16997044.
16589148.
1630261.
16296057.
16012783.
15955754.
15652066.
1539471.
15308469.
15250836.
15234886.
15231287.
15164565.
1491981.
1487011.
14789629.
14733.
14642896.
14523801.
14372486.
14363353.
14362028.
14344481.
14283992.
14140913.
14109075.
14098941.
1384531.
13410.
13407.
13299972.
130617778.
12797.
1276151.
12661142.
12483772.
1174241.
11470032.
11422.
11360522.
11204972.
11103612.
1106501.
11039092.
10998812.
10861382.
10737.
10318.
9655032.
9510832.
9395832.
9334352.
898371.
890101.
861.
8435452.
8383592.
8360502.
82533.
820694.
816234.
810560.
807360.
792690.
784078.
781674.
7613072.
75533.
7490342.
7434272.
7410742.
739853.
73147282.
7231332.
71903.
7142392.
7017692.
6882.
678953.
6680762.
667873.
6645712.
6629912.
6532.
6476742.
6359662.
5965332.
5871032.
5840872.
5531562.
5471.
5452712.
5449422.
5444512.
4898501.
4833.
46023.
456.
3652891.
33584794.
3242121.
29795220.
2911221.
28576135.
27457788.
2691.
26093.
2525131.
2523231.
23573.
2355181.
21425125.
21217761.
1934671.
18628801.
18258178.
18172905.
1774391.
17401289.
17212442.
17071046.
16941646.
16807860.
166369152.
16465507.
16461070.
16444606.
16129526.
16076032.
15839517.
15746084.
15722730.
15519999.
1504011.
15021099.
14958607.
14904437.
14845642.
14749606.
14732187.
14637560.
14595574.
14585289.
14465607.
14465113.
14445325.
14412533.
14405393.
14335160.
14316355.
14228118.
14226495.
14.
14134419.
14108050.
14083477.
14078113.
14074339.
13524182.
1340521.
13330522.
1309511.
12550682.
12340562.
1220181.
12200822.
12199652.
12144232.
11813752.
11752.
11522502.
11504382.
11485872.
11178592.
10950722.
10894712.
10880202.
10274.
10239172.
10201332.
9689832.
9532402.
937421.
933291.
9147742.
898171.
8877162.
8825982.
8784552.
8707212.
859621.
856741.
852241.
824087.
818492.
816838.
803975.
798007.
791675.
7885972.
7837062.
781895.
777560.
766347.
765548.
760892.
757896.
755959.
752703.
745273.
738933.
718673.
7165802.
7101692.
702773.
7001342.
6904482.
6877722.
6845872.
6753582.
6686402.
662773.
6604762.
6539592.
6482332.
643553.
641433.
632343.
631503.
620863.
5931872.
5872172.
5722742.
5656402.
5651.
5644142.
5578222.
5402612.
5329582.
49465463.
4904651.
4598.
45773.
44886859.
42983.
3936.
36686415.
33838201.
3370001.
3169051.
31311757.
30331417.
2946711.
2890961.
2673451.
2672.
22330739.
20406724.
20333461.
20221159.
19789294.
19752773.
19280591.
1797991.
17957392.
1786041.
17814635.
17801384.
17641457.
17219219.
17087370.
17003765.
1689081.
16688389.
16581604.
16186995.
16164520.
16026783.
15964196.
15870311.
15699754.
15600217.
15576758.
15377897.
15290485.
15228003.
15227791.
15171297.
1511801.
15066760.
14902049.
1476291.
14621598.
14603493.
14589511.
14589191.
14575107.
14562685.
14514804.
14506253.
14501862.
14491008.
14486811.
14463104.
14458280.
14410824.
14375989.
14365789.
14324983.
14298264.
14269152.
14255057.
14248451.
1424471.
14211803.
14176607.
14136415.
14098332.
14097434.
14089195.
14080704.
14076231.
14068364.
14063155.
14059122.
14014262.
139162440.
13737.
13406.
13363182.
1322521.
13135122.
13110812.
12687952.
12460982.
1238041.
12354252.
1234801.
1199081.
1190891.
11768582.
11539982.
11472.
11278102.
1127651.
1118451.
11178612.
1117651.
11069462.
10792.
10546442.
1054521.
10476462.
10437802.
10268302.
10226672.
10226.
10223.
10100552.
9976162.
9972082.
9930742.
9926792.
988.
9841042.
9746012.
9566562.
9442882.
9410952.
9279652.
9184282.
8978462.
8834882.
8761432.
8412.
8408622.
815096.
8124952.
809183.
801917.
7963772.
788721.
7862912.
78393.
757664.
7376382.
7278212.
7260852.
7120552.
6904592.
6803642.
6446902.
6324592.
6296572.
62763.
6120472.
611613.
5894902.
5708702.
5688592.
5676102.
5662632.
56436449.
5491.
5479282.
5439702.
50304619.
4899581.
4617361.
44570946.
4417131.
42712551.
41404212.
4131861.
3936151.
3551171.
3496641.
3460211.
3442651.
3427261.
324.
31240434.
31127446.
2825191.
2730471.
26565946.
25913058.
25589776.
24019308.
2391.
23708602.
2254561.
22536055.
2206131.
21447363.
21332196.
20747011.
20713061.
2035621.
2023661.
19789299.
19534873.
19269120.
19125567.
18863815.
1878461.
1872601.
18713254.
18655567.
18622869.
18486045.
18453229.
18170896.
18044341.
17909531.
17885058.
17883075.
17808631.
17751509.
17726339.
17518984.
17333183.
17232815.
17219108.
16978258.
16933730.
16899075.
16388972.
16312576.
16246929.
16222945.
16160352.
16095572.
16045004.
15913.
15876737.
15698507.
15680097.
15519538.
15497928.
15458694.
15342544.
15323979.
15220720.
15211133.
15137329.
15084970.
14916696.
14784586.
14727207.
14724142.
14713133.
1468401.
14519349.
14515734.
14497517.
14410951.
14391242.
14381520.
14334532.
