972651.
20.
13348.
2384071.
816653.
5768872.
10202.
79543.
11489.
13.
17194296.
3840.
989.
1000591.
6141832.
711303.
657863.
2172.
11435642.
7040932.
50393960.
36823.
818340.
586.
813286.
783214.
5763262.
14600116.
740983.
12.
1081.
8453452.
3080761.
93957809.
1186.
633.
4641021.
746323.
37570179.
3533231.
3829151.
115485051.
839321.
858051.
5702.
652193.
14368074.
1143031.
20536157.
817288.
3839.
3475.
18498684.
17503180.
5668942.
62581962.
5746452.
19058681.
17595439.
57203.
2730791.
6708952.
14834340.
13479.
1035491.
418.
14761795.
9534522.
11740902.
10350.
428333.
1192.
17220934.
14589771.
7846.
1586501.
930061.
691353.
12916.
818155.
6385432.
6017542.
10078.
8069572.
50193.
1315431.
11388132.
11340982.
3460751.
12454882.
13041.
5017.
49793.
33423.
824157.
13436432.
10419.
820585.
755452.
749963.
3339171.
12798452.
10178.
8596022.
12522.
10367.
756278.
808627.
6273552.
820828.
14130784.
14120151.
14075928.
10297.
8918032.
862681.
819999.
5695942.
992151.
817386.
1285451.
749863.
2729061.
17093617.
125033.
3032.
2737751.
2529971.
20749410.
19397785.
15485441.
3754891.
21982720.
2182641.
156778644.
11009852.
767.
2787551.
8769212.
631583.
15921173.
8161232.
814253.
4488.
295.
2569261.
24773177.
202003.
19417850.
807095.
30313925.
15439395.
8039442.
6449282.
5388852.
2156951.
11628.
107.
1052961.
84351228.
7161172.
662763.
17243913.
14749070.
14389031.
1344951.
10454572.
871891.
79797834.
6267962.
1717291.
14680596.
14134204.
6140.
14348594.
795649.
774675.
5469512.
18327902.
145753059.
3611041.
17461978.
12193342.
9366702.
83883736.
778057.
5772422.
885.
6730222.
422.
2735591.
15827269.
13029.
9714412.
74673.
59213.
37759047.
14372143.
13198.
1305941.
965651.
94143715.
8584.
14803701.
9348562.
874.
3041201.
16228398.
15859039.
14445542.
11848.
841791.
744463.
16574209.
15865878.
1536811.
1175221.
10221.
774909.
621713.
56653.
3713811.
30364057.
1966141.
17004618.
15846407.
6123762.
16129920.
12480582.
12101862.
10846482.
833071.
809760.
7259302.
16303106.
15794195.
1530371.
14515799.
10955762.
10396.
792907.
7212562.
4278201.
2148071.
18363508.
12044602.
414.
3094401.
257.
15934340.
15705567.
14511951.
14100972.
113963.
9075622.
6193182.
5793822.
20109973.
18713.
17173775.
16727535.
14321959.
1268381.
1159251.
8841372.
817977.
7234682.
649.
5911972.
291.
19554706.
1912641.
14767870.
14364049.
1422311.
14112294.
1183041.
10810102.
1039531.
9812912.
9720292.
817268.
683113.
679303.
26642006.
20609518.
1454021.
12514.
11041.
9892692.
9554942.
817970.
6941.
648.
617053.
611953.
5699.
509.
2893971.
14104847.
12217.
9715522.
9641832.
813531.
7982802.
6331462.
50835878.
5025251.
4503491.
44423.
4234581.
42226885.
169686021.
1424001.
1401881.
1378.
1260231.
11640472.
10032112.
9527242.
9248102.
8820652.
8479062.
8071902.
743763.
632023.
607.
36412963.
3034251.
20742461.
1979921.
15131310.
13919072.
12716.
11347122.
1051171.
815233.
8132322.
7997312.
7861312.
774096.
770729.
755751.
754556.
4030.
19637934.
17474531.
17266725.
14413529.
14328066.
1428461.
1317661.
901651.
879521.
7782442.
7712452.
759186.
661403.
5520332.
5252591.
41713.
3520.
15076390.
14434070.
14115587.
13666.
13521702.
1221471.
1051731.
926121.
8962882.
768632.
767396.
735983.
678033.
5485192.
1899161.
1318301.
13046.
1242511.
814293.
662433.
5741722.
47083.
30973.
25047662.
2425151.
19757371.
17889970.
15947185.
14274132.
14217862.
14115719.
14052066.
13461.
11426.
814304.
784304.
769254.
666073.
6304662.
5391882.
46063.
4519121.
3382.
16910946.
14763.
14326840.
11957802.
937961.
839891.
761975.
626973.
6238012.
623133.
5654722.
2057421.
19781200.
18300176.
14800270.
14749383.
14227559.
11733372.
10876852.
1084.
10450.
9866582.
818489.
7517052.
74543.
19853.
18206161.
16539573.
15641893.
14541402.
14522546.
14158830.
113420831.
10454672.
9896832.
9676722.
8362412.
789158.
5942302.
5879952.
53.
3980.
3476.
1976841.
18393773.
183749519.
16721263.
15941343.
15134782.
15087011.
14500709.
13669.
13341.
1239741.
1235521.
11883132.
1020961.
997.
949521.
82243.
809866.
7902052.
7456262.
636843.
635543.
5814.
5490392.
4557111.
4303181.
3108351.
2781.
20263710.
2020351.
1874221.
17372386.
15962096.
15922433.
15492359.
15276401.
15066958.
147093.
14590880.
14422705.
14230524.
13352.
1322691.
1293.
10984852.
10228272.
10214312.
9524712.
893211.
8308762.
823434.
822571.
