6664.
62783.
5988062.
5215.
5025281.
48797251.
26743.
24303.
2150981.
18791763.
16589206.
16343608.
15808765.
15208271.
14335498.
14054786.
12528.
11862.
11684.
9543092.
9215532.
9091712.
839561.
817381.
816214.
791124.
681813.
6253282.
61233.
5839822.
4696.
2800521.
246.
18396070.
14779327.
14712874.
14278978.
14220046.
14094741.
1399231.
13743532.
130649891.
1075.
93017945.
813512.
811027.
792724.
792537.
720843.
61133.
610873.
610793.
4711.
4119741.
2874.
20466813.
19406070.
1563641.
15224867.
14652452.
14529929.
14304302.
14258424.
1338871.
13294.
12925072.
11210802.
1100661.
10373972.
943751.
9295102.
8847052.
844631.
824211.
815106.
806323.
785032.
781293.
69743.
6892092.
618593.
608473.
5520952.
5392522.
5251831.
471963.
3855911.
3530201.
33792634.
3096351.
16190898.
15901190.
15164442.
14677919.
14262772.
14260608.
14222176.
14109613.
14063033.
11900.
11666142.
1133701.
11253262.
9759932.
9639352.
9576402.
926981.
8844402.
854291.
8481222.
797835.
7752402.
734343.
7117302.
6909932.
67923.
6421992.
60642052.
496723.
2970511.
26784273.
25166595.
2495.
2494.
2226061.
19744978.
17853760.
16644421.
15666380.
15662446.
15414807.
14874480.
14855279.
14128528.
1380711.
13418552.
11998942.
1196381.
1095691.
10638782.
10449682.
10203.
9457522.
9207632.
828991.
8095292.
7808262.
7385622.
732773.
6545932.
528.
47973.
2677451.
2621591.
2426.
2363571.
2333071.
22699508.
22255654.
21324258.
18676177.
18058741.
17463660.
17408993.
1699751.
16939148.
16802731.
15400067.
14886375.
14413075.
14228300.
14076943.
13911852.
1336231.
13058232.
11911082.
11222.
11113.
10427562.
9981522.
99723.
9831152.
8793052.
809131.
783705.
7825932.
7433772.
691593.
6840532.
6611482.
5845242.
5542402.
5120691.
31353077.
3011091.
2857721.
2735631.
2100521.
18267597.
16465359.
15731368.
15700573.
15295503.
15040500.
1501471.
14521617.
14313986.
14268957.
1253451.
124473570.
11302402.
11107172.
10759032.
10112862.
1007041.
9976962.
9853212.
9317092.
906711.
898691.
849591.
836241.
82282572.
811350.
810129.
806975.
771278.
717313.
7085.
7083.
6171852.
6160742.
5968272.
5959342.
5778272.
5661792.
4829901.
19919350.
19329393.
17074440.
17060265.
16114437.
16017475.
15661871.
15469101.
14787157.
14692160.
14681605.
14378113.
14293310.
14267591.
14251565.
14166651.
1308321.
1283361.
11632342.
11348282.
11148602.
1090561.
97933.
9522672.
922011.
9096972.
90420314.
833571.
8293882.
817000.
814256.
799645.
772386.
7426632.
7380362.
681473.
6813682.
676493.
5708292.
5676952.
5658202.
5378272.
5336612.
5242801.
4816.
37917164.
2195241.
21.
1998841.
1835411.
17877122.
17663756.
17297668.
17071048.
15.
14378281.
12695.
1201491.
11891512.
11114042.
1048951.
10041802.
9549942.
9274492.
8315692.
819040.
818790.
8166312.
813491.
7905122.
788673.
755756.
7537892.
75357513.
7480172.
685513.
679173.
650013.
6453512.
619693.
6104.
5971522.
5796972.
5558552.
5380672.
52544275.
4999.
40381496.
3682111.
3364401.
2986.
28049003.
27890540.
2618.
2202921.
21879024.
2132641.
18812301.
18460854.
17825445.
17495946.
16855888.
1585.
15736190.
15441074.
14777649.
146733.
14590903.
14479692.
14414022.
14079408.
13837292.
114870386.
1142941.
1137701.
1113541.
1059801.
8884642.
862481.
8475532.
8417802.
816812.
807913.
806689.
794340.
771648.
7336292.
7015112.
6722902.
6480682.
643443.
624683.
6145622.
5556762.
54682125.
5132221.
5024061.
48263.
4374531.
4039761.
40013.
3975041.
3751441.
3709051.
2860101.
2596061.
2576431.
24431892.
23145316.
2189541.
1963651.
19621110.
18695316.
17073235.
16541868.
16409683.
16399949.
15080807.
14693823.
14578519.
14561327.
14289835.
14270494.
14221588.
14140420.
13834402.
1374411.
13565472.
12367712.
11336782.
113130846.
10952962.
10336.
1010181.
9729502.
9547482.
9295212.
9175762.
9097712.
8514962.
82363.
7765902.
752743.
72403.
7093352.
6978642.
6796502.
673483.
641963.
639643.
615723.
609543.
5971922.
5861822.
5854882.
5848412.
57.
5637652.
5569112.
5559982.
4828761.
4200861.
36082429.
3283901.
30059550.
25663.
23083404.
22938914.
19002481.
174853.
16819278.
16818880.
16120265.
16023.
15976584.
15744118.
15738725.
1532061.
15125585.
15081182.
14433007.
14413715.
14345566.
14224719.
14192329.
14144158.
1270191.
12245632.
1173281.
11447852.
113425681.
1059191.
1054551.
964641.
963121.
955221.
9429102.
9403752.
9275742.
8708232.
8329582.
8285392.
822647.
821978.
816532.
816154.
804204.
803777.
797770.
785164.
7744592.
760654.
7462572.
7453012.
7350962.
724473.
7112242.
7082702.
6837002.
6614602.
6527972.
64543.
5759352.
