5168531.
4626061.
448.
3943871.
3905651.
3452911.
29283.
292.
2541771.
24296208.
24113.
23544596.
20608910.
2053051.
1976611.
19697415.
19273104.
18220175.
18089163.
17179368.
16739704.
15947897.
15524324.
15285305.
15105000.
14995838.
14740219.
14479992.
14476147.
14415152.
1438651.
14212297.
14127387.
13976432.
13949232.
13475802.
13440802.
13416712.
13370272.
12615912.
12480032.
12279.
12093282.
10107362.
10039442.
9952152.
9950972.
991221.
9428232.
899701.
8771022.
8667942.
858201.
8525402.
8491.
820807.
8034682.
779451.
7746932.
772681.
772471.
770759.
7694352.
765845.
759251.
7457322.
6852682.
6605062.
6419342.
5781622.
57107167.
5284762.
5237281.
4959461.
4893411.
4796901.
4774421.
457313.
4558.
44039298.
4192041.
3714411.
33039483.
2937071.
29256864.
28520903.
24741685.
2467791.
2390651.
22685200.
19658936.
19380829.
19306636.
18218654.
1817901.
17401708.
17017636.
16148602.
16117363.
16051471.
15930061.
15657528.
15503880.
15428715.
15093898.
150433.
1502111.
14813320.
14348255.
14339499.
14231571.
14202711.
14178312.
14172588.
14138167.
14079576.
14073364.
14060523.
14056632.
14031032.
13662722.
13220032.
12956682.
12530.
12497.
12371632.
11991832.
119168161.
11622712.
11620792.
1154.
11132462.
10913242.
1050111.
1045751.
10385.
10286932.
10051.
9973392.
9624742.
900421.
8943.
884301.
807027.
80700514.
804333.
794329.
784912.
768783.
766666.
756129.
7518252.
7419512.
732073.
7040692.
688483.
6595682.
6519522.
6424622.
6351922.
6149912.
6108862.
5943622.
5876652.
5554222.
5525212.
5431642.
5149.
50043.
47.
4434201.
4282171.
3364.
32629751.
3004231.
2884771.
2540851.
22461427.
22027186.
21131816.
2029981.
19658826.
18565158.
1821.
17681513.
17636894.
17463.
17029640.
17008163.
1669681.
16441758.
15959560.
15883845.
15842558.
15398764.
15085196.
15019184.
14985117.
1497.
14701006.
14557257.
14454605.
14437914.
14173084.
14148963.
14137885.
14083627.
14061625.
1401991.
1359641.
13098.
13027572.
13012632.
1294741.
1293241.
12576412.
11752272.
11604.
11204762.
11148342.
10814422.
10728152.
1049171.
10312.
10191.
10135802.
9833962.
9574902.
9553222.
9491292.
947721.
918711.
9017382.
888.
877521.
8739282.
853821.
8406952.
810579.
799722.
7893882.
779141.
71876190.
7112862.
66369206.
65233.
649673.
6451032.
616173.
616113.
6114312.
5885772.
5738952.
5502502.
5062341.
4925881.
48443.
47539748.
4700381.
4119021.
41073372.
40971936.
409.
3916461.
3705681.
31383.
30923.
309073.
2877541.
23554196.
2087371.
2062801.
20245775.
19962845.
19190104.
18295455.
17854419.
17471979.
17006157.
1688.
16664681.
16597921.
16366474.
16203586.
15996830.
15903746.
15859268.
15497480.
15458767.
15433693.
15427422.
15415778.
15388795.
15279429.
152143.
15199539.
15129265.
15042927.
15012486.
1495.
14950583.
14939981.
1489691.
14871264.
14597808.
14373435.
14367669.
14287191.
14178674.
14110654.
14100237.
14078377.
14013722.
1392281.
13860742.
13302022.
1304091.
12902.
12727902.
11969.
11347832.
1132291.
10990.
10760422.
1058971.
10309192.
9676642.
9604192.
9483622.
9464552.
9337792.
9132192.
898491.
8936082.
893431.
8925602.
8632782.
8417312.
8294212.
823115.
819800.
814090.
790000.
78453.
782010.
7807162.
7799412.
77888423.
7745472.
7705112.
76133.
7570172.
752673.
7420052.
7408262.
73843.
734493.
7192882.
6489102.
6297852.
611823.
6078372.
5446532.
5052541.
48213.
4708351.
4607.
41187603.
3714971.
3471.
3452941.
287713.
28123862.
22677790.
22642788.
22525751.
2128391.
21044126.
21035409.
1967531.
19394188.
18521391.
18072408.
18055633.
18028509.
17899109.
17400407.
16242081.
15956067.
15948437.
15729017.
15693493.
15301800.
15174477.
15124802.
15117375.
150.
14871283.
14859361.
14706139.
14674690.
14664315.
14591033.
14582941.
1455981.
14315150.
14277276.
14253109.
14246001.
14182254.
14181427.
14124673.
14120215.
14097951.
13805542.
1359731.
1356261.
13448172.
13413.
13124.
12993892.
12923812.
12456402.
1233171.
11963132.
11104772.
11063312.
11025832.
1085.
10755302.
10609.
10583402.
10365.
10045192.
9946842.
9836582.
9804562.
9676212.
93950835.
894601.
886651.
8611062.
821996.
821.
820394.
817462.
8106562.
8017522.
78789634.
782134.
765.
761628.
76093.
756475.
7526892.
749453.
683523.
6329712.
62591681.
62290422.
610533.
6067802.
5803082.
573.
5417132.
5283382.
5167461.
51573.
51063.
50374439.
4916651.
4906851.
4893501.
46413.
4603771.
43553.
4045.
354103.
3355001.
32309773.
3191321.
3028161.
30065033.
29465136.
27961877.
27029537.
2692281.
2480.
23480093.
21268897.
2120381.
2065521.
1970.
19430233.
19362341.
18715444.
18124625.
17925141.
17919972.
17462723.
