16997044.
16589148.
1630261.
16296057.
16012783.
15955754.
15652066.
1539471.
15308469.
15250836.
15234886.
15231287.
15164565.
1491981.
1487011.
14789629.
14733.
14642896.
14523801.
14372486.
14363353.
14362028.
14344481.
14283992.
14140913.
14109075.
14098941.
1384531.
13410.
13407.
13299972.
130617778.
12797.
1276151.
12661142.
12483772.
1174241.
11470032.
11422.
11360522.
11204972.
11103612.
1106501.
11039092.
10998812.
10861382.
10737.
10318.
9655032.
9510832.
9395832.
9334352.
898371.
890101.
861.
8435452.
8383592.
8360502.
82533.
820694.
816234.
810560.
807360.
792690.
784078.
781674.
7613072.
75533.
7490342.
7434272.
7410742.
739853.
73147282.
7231332.
71903.
7142392.
7017692.
6882.
678953.
6680762.
667873.
6645712.
6629912.
6532.
6476742.
6359662.
5965332.
5871032.
5840872.
5531562.
5471.
5452712.
5449422.
5444512.
4898501.
4833.
46023.
456.
3652891.
33584794.
3242121.
29795220.
2911221.
28576135.
27457788.
2691.
26093.
2525131.
2523231.
23573.
2355181.
21425125.
21217761.
1934671.
18628801.
18258178.
18172905.
1774391.
17401289.
17212442.
17071046.
16941646.
16807860.
166369152.
16465507.
16461070.
16444606.
16129526.
16076032.
15839517.
15746084.
15722730.
15519999.
1504011.
15021099.
14958607.
14904437.
14845642.
14749606.
14732187.
14637560.
14595574.
14585289.
14465607.
14465113.
14445325.
14412533.
14405393.
14335160.
14316355.
14228118.
14226495.
14.
14134419.
14108050.
14083477.
14078113.
14074339.
13524182.
1340521.
13330522.
1309511.
12550682.
12340562.
1220181.
12200822.
12199652.
12144232.
11813752.
11752.
11522502.
11504382.
11485872.
11178592.
10950722.
10894712.
10880202.
10274.
10239172.
10201332.
9689832.
9532402.
937421.
933291.
9147742.
898171.
8877162.
8825982.
8784552.
8707212.
859621.
856741.
852241.
824087.
818492.
816838.
803975.
798007.
791675.
7885972.
7837062.
781895.
777560.
766347.
765548.
760892.
757896.
755959.
752703.
745273.
738933.
718673.
7165802.
7101692.
702773.
7001342.
6904482.
6877722.
6845872.
6753582.
6686402.
662773.
6604762.
6539592.
6482332.
643553.
641433.
632343.
631503.
620863.
5931872.
5872172.
5722742.
5656402.
5651.
5644142.
5578222.
5402612.
5329582.
49465463.
4904651.
4598.
45773.
44886859.
42983.
3936.
36686415.
33838201.
3370001.
3169051.
31311757.
30331417.
2946711.
2890961.
2673451.
2672.
22330739.
20406724.
20333461.
20221159.
19789294.
19752773.
19280591.
1797991.
17957392.
1786041.
17814635.
17801384.
17641457.
17219219.
17087370.
17003765.
1689081.
16688389.
16581604.
16186995.
16164520.
16026783.
15964196.
15870311.
15699754.
15600217.
15576758.
15377897.
15290485.
15228003.
15227791.
15171297.
1511801.
15066760.
14902049.
1476291.
14621598.
14603493.
14589511.
14589191.
14575107.
14562685.
14514804.
14506253.
14501862.
14491008.
14486811.
14463104.
14458280.
14410824.
14375989.
14365789.
14324983.
14298264.
14269152.
14255057.
14248451.
1424471.
14211803.
14176607.
14136415.
14098332.
14097434.
14089195.
14080704.
14076231.
14068364.
14063155.
14059122.
14014262.
139162440.
13737.
13406.
13363182.
1322521.
13135122.
13110812.
12687952.
12460982.
1238041.
12354252.
1234801.
1199081.
1190891.
11768582.
11539982.
11472.
11278102.
1127651.
1118451.
11178612.
1117651.
11069462.
10792.
10546442.
1054521.
10476462.
10437802.
10268302.
10226672.
10226.
10223.
10100552.
9976162.
9972082.
9930742.
9926792.
988.
9841042.
9746012.
9566562.
9442882.
9410952.
9279652.
9184282.
8978462.
8834882.
8761432.
8412.
8408622.
815096.
8124952.
809183.
801917.
7963772.
788721.
7862912.
78393.
757664.
7376382.
7278212.
7260852.
7120552.
6904592.
6803642.
6446902.
6324592.
6296572.
62763.
6120472.
611613.
5894902.
5708702.
5688592.
5676102.
5662632.
56436449.
5491.
5479282.
5439702.
50304619.
4899581.
4617361.
44570946.
4417131.
42712551.
41404212.
4131861.
3936151.
3551171.
3496641.
3460211.
3442651.
3427261.
324.
31240434.
31127446.
2825191.
2730471.
26565946.
25913058.
25589776.
24019308.
2391.
23708602.
2254561.
22536055.
2206131.
21447363.
21332196.
20747011.
20713061.
2035621.
2023661.
19789299.
19534873.
19269120.
19125567.
18863815.
1878461.
1872601.
18713254.
18655567.
18622869.
18486045.
18453229.
18170896.
18044341.
17909531.
17885058.
17883075.
17808631.
17751509.
17726339.
17518984.
17333183.
17232815.
17219108.
16978258.
16933730.
16899075.
16388972.
16312576.
16246929.
16222945.
16160352.
16095572.
16045004.
15913.
15876737.
15698507.
15680097.
15519538.
15497928.
15458694.
15342544.
15323979.
15220720.
15211133.
15137329.
15084970.
14916696.
14784586.
14727207.
14724142.
14713133.
1468401.
14519349.
14515734.
14497517.
14410951.
14391242.
14381520.
14334532.
